crossing time (s)	slope (V/s)	crossing number
281474976710655.000000	2.591532	3570	435505397760.000000
281474976710655.000000	2.671989	3571	435507396608.000000
281474976710655.000000	2.795241	3572	435509460992.000000
281474976710655.000000	2.564623	3573	435511558144.000000
281474976710655.000000	2.718429	3574	435513655296.000000
281474976710655.000000	2.773237	3575	435518111744.000000
281474976710655.000000	2.717458	3576	0.000000
281474976710655.000000	2.956366	3577	435524370432.000000
281474976710655.000000	2.809402	3578	435526205440.000000
281474976710655.000000	3.026121	3579	435528302592.000000
281474976710655.000000	2.881294	3580	435530366976.000000
