time (s)	coil I (A)	last det (V)	int current (uC)
438325.645777	0.219290	146.191406	104.589844
438325.647778	0.218461	2.403076	-0.122846
438327.741952	0.220131	149.609375	105.078125
438327.743955	0.219491	2.414402	-0.110435
438329.838626	0.215289	156.152344	106.542969
438329.840629	0.219158	2.410733	-0.124518
438331.938743	0.218026	157.910156	109.863281
438331.940746	0.217483	2.392308	-0.154869
438334.032910	0.213712	161.230469	110.742187
438334.034912	0.217727	2.394994	-0.162464
438336.099058	0.218595	157.910156	101.269531
438336.101060	0.217888	2.396766	0.110674
438338.195251	0.220812	158.691406	98.632812
438338.197254	0.219888	2.418771	-0.122711
438340.293388	0.219048	157.910156	108.691406
438340.295390	0.218284	2.401126	0.113756
438342.391554	0.218399	155.468750	110.546875
438342.393556	0.217767	2.395437	-0.128218
438344.458247	0.217353	148.925781	104.589844
438344.460249	0.217052	2.387576	-0.107335
438346.550960	1.932716	148.046875	111.035156
438346.552962	0.220796	2.428759	-0.089032
438348.647128	0.203481	146.875000	105.468750
438348.649130	0.219730	146.875000	105.468750
438348.651129	0.219032	2.409350	-0.116915
438350.745816	0.218096	151.171875	104.882812
438350.747820	0.217367	2.391032	-0.137977
438352.843971	0.221075	156.347656	101.953125
438352.845974	0.220385	2.424239	-0.141360
438354.939061	0.217648	162.988281	112.597656
438354.941062	0.219062	2.409678	-0.149675
438357.007216	0.217873	156.933594	106.347656
438357.009219	0.217413	2.391546	-0.119244
438359.101409	0.218291	151.562500	113.964844
438359.105408	0.216886	2.385750	-0.103130
438361.198021	0.219892	147.656250	118.066406
438361.200023	0.219502	2.414526	-0.115136
438363.296161	0.218218	147.851562	116.210937
438363.298162	0.217419	2.391608	-0.128248
438365.360301	0.220343	148.242187	99.511719
438365.362303	0.219615	2.415767	-0.094540
438367.458464	0.219273	153.906250	103.613281
438367.460465	0.218649	2.405141	-0.112534
438369.554551	0.218760	157.226562	107.812500
438369.556549	0.218030	2.398326	-0.121847
438371.652650	0.218615	158.691406	104.589844
438371.654651	0.218008	2.398087	0.384967
438373.749327	0.218583	158.886719	105.664062
438373.751330	0.217909	2.396996	-0.058560
438375.845460	0.220867	159.863281	108.593750
438375.847461	0.220146	2.421607	-0.143324
438377.946584	0.217881	159.667969	112.597656
438377.948587	0.217562	2.393186	-0.158964
438380.007336	0.222051	156.738281	106.445312
438380.009336	0.221297	2.434271	-0.110779
438382.103466	0.212784	153.808594	111.914062
438382.105471	0.220326	153.808594	111.914062
438382.107468	0.219695	2.416644	-0.125466
438384.201632	0.219256	149.023437	111.718750
438384.203636	0.218224	2.400462	-0.129090
438386.300684	0.218733	148.144531	125.683594
438386.302684	0.218209	2.400302	-0.129455
438388.396825	0.219804	149.023437	134.179687
438388.398826	0.219209	2.411300	-0.130281
438390.492954	0.219034	150.683594	129.003906
438390.494951	0.218207	2.400275	-0.145846
438392.590023	0.220841	158.691406	132.031250
438392.592025	0.220831	2.429140	-0.152271
438394.654109	0.219198	160.937500	118.945312
438394.656113	0.218891	2.407799	-0.136783
438396.754254	0.219100	160.546875	113.085937
438396.756256	0.218539	2.403927	-0.145824
438398.850907	0.217943	157.128906	115.429687
438398.852910	0.217454	2.391989	-0.141214
438400.913033	0.220632	150.488281	110.546875
438400.915034	0.219751	2.417264	-0.110049
438403.011205	0.219076	148.632812	120.117187
438403.013206	0.218304	2.401339	0.031218
438405.107817	0.219008	147.167969	126.269531
438405.109820	0.218131	2.399442	-0.107302
438407.205985	0.218457	147.656250	134.960937
438407.207987	0.217853	2.396385	-0.123152
438409.304125	0.218256	147.558594	131.640625
438409.306127	0.217686	2.394550	-0.123546
438411.400744	0.219917	147.753906	133.886719
438411.402748	0.219306	2.412364	-0.132602
438413.465757	0.217808	147.265625	127.343750
438413.467759	0.217349	2.390837	-0.100313
438415.559955	0.219416	147.265625	128.613281
438415.561957	0.219976	2.419737	-0.107570
438417.658063	0.220147	147.363281	129.785156
438417.660066	0.219351	2.412860	-0.114025
438419.754728	0.219466	147.851562	128.222656
438419.756730	0.218629	2.404919	-0.120401
438421.852918	0.218965	151.367187	134.277344
438421.854921	0.218377	2.402145	-0.136900
438423.917017	0.218931	152.246094	114.257812
438423.919016	0.218092	2.399008	-0.115181
438426.016062	0.217739	157.714844	117.089844
438426.018061	0.217261	2.389871	-0.122063
438428.110723	0.220542	160.546875	122.363281
438428.112724	0.220502	2.425524	-0.140089
438430.208885	0.219909	160.351562	124.414062
438430.210887	0.219199	2.411185	-0.138654
438432.307554	0.217511	157.226562	134.179687
438432.309556	0.217042	2.387460	-0.132438
438434.402193	0.220458	153.027344	146.191406
438434.404195	0.219672	2.416387	-0.133131
438436.500325	0.220364	149.218750	147.167969
438436.504325	0.219174	2.410919	-0.133800
438438.562999	0.217564	147.070312	132.226562
438438.565000	0.218782	2.406603	-0.110963
438440.664030	0.218405	148.144531	135.937500
438440.666032	0.217897	2.396863	-0.115272
438442.758213	0.218815	149.804687	136.425781
438442.760215	0.217834	2.396172	-0.126268
438444.856322	0.218527	151.464844	133.496094
438444.858324	0.217789	2.395676	0.333784
438446.954441	0.217646	153.125000	135.156250
438446.956442	0.216987	2.386858	-0.147966
438449.016628	0.219847	152.929687	126.562500
438449.018629	0.219070	2.409767	-0.118685
438451.116788	0.219015	153.417969	133.496094
438451.118789	0.218658	2.405238	0.155299
438453.210936	0.220724	152.832031	133.105469
438453.212937	0.219896	2.418860	-0.125458
438455.307116	0.209369	152.441406	139.257812
438455.309119	0.219022	152.441406	139.257812
438455.311120	0.218316	2.401472	-0.130211
438457.407287	0.218407	150.878906	143.847656
438457.409289	0.217886	2.396748	-0.136973
438459.469464	0.220878	148.144531	137.011719
438459.471464	0.219935	2.419285	-0.107134
438461.567631	0.218399	147.851562	145.019531
438461.569639	0.217717	2.394887	0.044106
438463.663824	0.219189	149.218750	151.269531
438463.665826	0.218309	2.401401	-0.114837
438465.759951	0.201821	151.171875	145.312500
438465.761951	0.218251	151.171875	145.312500
438465.763950	0.217511	2.392618	-0.118861
438467.858098	0.220489	154.980469	148.828125
438467.860099	0.219781	2.417593	-0.130628
438469.956300	0.218267	159.960937	151.562500
438469.958305	0.217672	2.394391	0.060878
438472.052455	0.220013	163.085937	151.269531
438472.054456	0.219164	2.410804	-0.143860
438476.574932	0.218588	168.066406	15.820312
438476.576932	0.217738	2.395118	0.217588
438478.673121	0.217858	167.773437	39.550781
438478.675123	0.217335	2.390687	0.219480
438480.409814	0.218297	154.882812	152.734375
438480.411816	0.217759	2.395348	-0.142961
438482.475880	0.217352	150.878906	138.183594
438482.477884	0.216961	2.386575	0.277647
438484.570566	0.218895	150.097656	143.847656
438484.572573	0.218131	2.399442	-0.106829
438486.666673	0.219190	150.292969	148.925781
438486.668674	0.218742	2.406160	-0.109066
438488.766815	0.218197	149.902344	151.171875
438488.768816	0.217563	2.393194	-0.122935
438490.861435	0.222620	150.585937	156.835937
438490.863437	0.221869	2.440555	-0.133056
438492.961532	0.217923	150.878906	157.812500
438492.963532	0.217597	2.393567	0.149021
438495.026233	0.217247	152.343750	141.503906
438495.028238	0.216786	2.384642	0.451064
438497.119339	0.217197	154.882812	140.234375
438497.121341	0.219584	2.415421	-0.116425
438499.216416	0.215191	158.203125	148.828125
438499.218419	0.219283	2.412116	-0.127369
438501.318603	0.217495	161.035156	146.191406
438501.320605	0.217143	2.388577	-0.132616
438518.060135	0.219222	149.609375	182.714844
438518.062136	0.218522	2.403741	0.441922
438520.122251	0.210328	149.414062	165.820312
438520.124253	0.218392	149.414062	165.820312
438520.126252	0.217694	2.394639	-0.105326
438522.222434	0.219928	150.097656	168.164062
438522.224436	0.219921	2.419134	-0.113052
