time (s)	coil I (A)	last det (V)	int current (uC)
434424.254531	0.219050	58.593750	-512.792969
434424.256533	0.218316	2.401481	0.026406
434425.269099	0.209936	454.687500	-15.917969
434425.273099	0.218977	454.687500	-15.917969
434425.275102	0.218953	2.408482	0.230042
434427.467262	0.218082	281.640625	1.367187
434427.469265	0.217594	2.393531	0.046584
434429.661935	0.220994	168.164062	12.695312
434429.663938	0.220364	2.424009	0.005181
434431.726028	1.370095	182.910156	11.718750
434431.728028	0.218108	2.399185	0.008492
434433.824189	0.218404	183.300781	9.472656
434433.826190	0.217989	2.397874	0.004452
434435.920882	0.218892	173.925781	8.496094
434435.922884	0.218358	2.401942	0.003596
434436.804918	0.219038	59.472656	-544.140625
434436.806922	0.218133	2.399460	0.027340
434437.822996	0.218270	441.015625	-12.792969
434437.824998	0.217682	2.394497	0.273688
434440.017145	0.218330	270.117187	1.757812
434440.019149	0.217669	2.394364	0.038644
434442.179878	0.220926	202.050781	7.031250
434442.181879	0.220319	2.423512	0.007613
434444.274592	0.211349	194.726562	8.593750
434444.276591	0.218559	194.726562	8.593750
434444.278593	0.218091	2.398999	0.009050
434446.372731	0.219547	182.617187	9.667969
434446.374733	0.218680	2.405478	0.004950
434448.468845	0.209500	183.105469	9.765625
434448.470849	0.218603	183.105469	9.765625
434448.472847	0.218582	2.404405	0.006608
434450.568961	0.218176	178.222656	10.839844
434450.570962	0.217666	2.394329	0.004096
434451.453480	0.217913	61.523437	-565.039062
434451.455481	0.217397	2.391369	0.023375
434452.435510	0.219950	473.730469	-12.695312
434452.437516	0.219256	2.411814	0.327737
434454.629734	0.218587	287.304687	6.640625
434454.631734	0.218532	2.403856	0.055185
434456.825888	0.218252	176.269531	16.113281
434456.827890	0.217464	2.392104	0.007333
434458.922104	0.216955	176.855469	15.722656
434458.924106	0.218872	2.407587	0.008045
434461.020261	0.219158	181.445312	13.769531
434461.022264	0.218167	2.399841	0.008358
434463.116430	0.217501	177.441406	12.597656
434463.118432	0.219415	2.413569	0.007076
434465.180538	0.209809	190.917969	10.449219
434465.182541	0.218916	190.917969	10.449219
434465.184540	0.218277	2.401047	0.010573
434467.280680	0.219653	178.027344	11.328125
434467.284681	0.218776	2.406532	0.007010
434469.376858	0.218965	179.394531	12.792969
434469.378858	0.218304	2.401348	0.314099
434471.473908	0.219197	167.382812	16.113281
434471.475908	0.218559	2.404148	0.226084
434473.537999	0.219222	189.648437	15.722656
434473.540001	0.218395	2.402340	0.013175
434475.634164	0.220078	190.429687	14.843750
434475.636166	0.219574	2.415315	0.012404
434477.732324	0.218844	191.113281	14.453125
434477.734325	0.218009	2.398095	0.012083
434479.831405	0.218080	189.648437	14.648437
434479.833407	0.217619	2.393806	0.009908
434481.926400	0.219173	178.222656	16.308594
434481.928402	0.218291	2.401206	0.010522
434484.022546	0.219078	175.097656	16.894531
434484.024547	0.219597	2.415572	0.009424
434486.088693	0.220889	187.695312	16.113281
434486.090694	0.220370	2.424071	0.015144
434488.184790	0.219597	179.882812	17.382812
434488.186793	0.218581	2.404388	0.012589
434490.280930	0.215856	177.539062	18.261719
434490.282929	0.221719	177.539062	18.261719
434490.284930	0.221115	2.432268	0.010440
434492.381007	0.220101	177.832031	17.578125
434492.383009	0.219619	2.415811	0.008011
434494.444070	0.219685	187.597656	14.648437
434494.448070	0.218459	2.403049	0.060548
434496.540217	0.221087	196.093750	12.890625
434496.542218	0.220432	2.424753	0.011387
434498.636909	0.217904	197.460937	12.597656
434498.638913	0.220236	2.422591	0.011861
434500.735553	0.219906	185.546875	14.160156
434500.737556	0.219340	2.412745	0.080811
434502.831808	0.221604	185.937500	14.941406
434502.833810	0.220779	2.428573	0.012687
434504.929930	0.219423	178.710937	17.871094
434504.931929	0.218653	2.405185	0.149507
434506.996106	0.218941	194.335937	17.871094
434506.998105	0.218404	2.402447	0.016506
434509.090769	0.219252	181.835937	19.824219
434509.092771	0.218275	2.401020	0.014847
434511.186870	0.213674	181.542969	18.945312
434511.188874	0.220451	181.542969	18.945312
434511.190872	0.219941	2.419347	0.010795
434513.285556	0.219303	171.582031	18.359375
434513.287557	0.218663	2.405292	0.009352
434515.349696	0.218905	191.406250	15.625000
434515.351698	0.218182	2.400001	0.015633
434517.445853	0.219871	198.046875	14.843750
434517.447855	0.220914	2.430053	0.013634
434519.545940	0.217860	191.113281	14.843750
434519.547941	0.217372	2.391094	0.012422
434521.640602	0.219287	178.515625	15.820312
434521.642602	0.218441	2.402854	0.011724
434523.738780	0.219396	184.179687	16.113281
434523.740782	0.218621	2.404831	0.162143
434525.834835	1.084620	167.578125	17.968750
434525.836837	0.218517	2.403687	0.008977
434527.900945	0.220476	188.183594	17.675781
434527.902948	0.220048	2.420526	0.016274
434529.997160	0.219672	178.515625	20.312500
434529.999161	0.218875	2.407622	0.014084
434532.093266	0.219180	176.562500	21.875000
434532.095269	0.219292	2.412213	0.015198
434534.191335	0.218892	186.425781	21.191406
434534.193336	0.218023	2.398255	0.014157
434536.289442	0.219763	186.230469	20.605469
434536.291444	0.219114	2.410254	0.013834
434538.386093	0.221729	183.789062	19.238281
434538.388095	0.221062	2.431684	0.014382
434540.484654	0.218141	173.925781	18.750000
434540.486656	0.217524	2.392760	0.011160
434542.546837	0.220311	191.113281	15.917969
434542.548838	0.219430	2.413728	0.017474
434544.642988	0.211281	182.714844	16.992187
434544.644991	0.218503	182.714844	16.992187
434544.646991	0.217843	2.396270	0.015462
434546.743101	0.220048	177.148437	18.554687
434546.745101	0.219599	2.415590	0.011756
434548.837240	0.209561	171.289062	20.605469
434548.839241	0.218709	171.289062	20.605469
434548.841240	0.218001	2.398007	0.010242
434550.903383	0.219329	181.933594	20.996094
434550.905385	0.218623	2.404857	0.109239
434552.999529	0.218920	185.546875	22.070312
434553.001531	0.217954	2.397493	0.017255
434555.098128	0.219406	173.730469	24.218750
434555.100132	0.218714	2.405850	0.016711
434557.194286	0.219800	173.339844	24.414062
434557.196290	0.218988	2.408872	0.014933
434559.292424	0.221165	167.382812	25.781250
434559.294427	0.220622	2.426845	0.013013
434561.356631	0.219739	194.726562	23.339844
434561.358631	0.219127	2.410396	0.020906
434563.451698	1.634639	189.746094	23.144531
434563.453698	0.218641	189.746094	23.144531
434563.455699	0.217978	2.397758	0.019143
434565.549823	0.221467	176.660156	23.242187
434565.551825	0.220671	2.427385	0.016566
434567.649933	0.650076	170.703125	22.265625
434567.651934	0.217206	2.389268	0.202786
434569.744051	0.221247	175.878906	20.996094
434569.746054	0.220658	2.427235	0.012922
434571.844224	0.218290	176.757812	20.996094
434571.846228	0.217772	2.395490	0.177851
434573.938865	0.221231	174.414062	21.582031
434573.940864	0.220495	2.425444	0.012319
434576.002940	0.221248	194.531250	20.019531
434576.004942	0.220453	2.424984	0.022261
434578.099066	0.210398	195.019531	21.582031
434578.101069	0.219102	195.019531	21.582031
434578.103069	0.218416	2.402571	0.020701
434580.197733	0.218680	185.839844	24.511719
434580.199735	0.217868	2.396553	0.019262
434582.293894	0.219691	182.910156	26.367187
434582.295896	0.219692	2.416617	0.017235
434584.392002	1.167682	168.945312	29.199219
434584.394005	0.217824	2.396066	0.015649
434586.456107	0.222343	181.347656	27.929687
434586.458108	0.221616	2.437772	0.022733
434588.552227	0.215543	172.851562	28.613281
434588.554230	0.219386	2.413250	0.020078
434590.650341	0.220397	178.222656	27.734375
434590.652344	0.219635	2.415988	0.015992
434592.749369	0.221153	169.628906	28.125000
434592.751372	0.220504	2.425542	0.015112
434594.811535	0.220668	185.058594	26.464844
434594.813536	0.220066	2.420721	0.022607
434596.907686	0.201397	186.328125	26.269531
434596.909687	0.220782	186.328125	26.269531
434596.911687	0.220056	2.420614	0.019699
434599.006333	0.220393	177.539062	27.050781
434599.008336	0.219631	2.415944	0.018242
434601.102482	0.217629	170.605469	28.417969
434601.104481	0.219278	2.412062	0.017697
434603.200578	0.219022	170.996094	29.003906
434603.202580	0.218130	2.399434	0.016769
434605.264704	0.219888	183.593750	28.515625
434605.266708	0.219044	2.409483	0.027159
434607.360836	0.209308	191.601562	27.636719
434607.362838	0.220508	191.601562	27.636719
434607.364838	0.219872	2.418594	0.025276
434609.459538	0.219478	186.230469	27.929687
434609.461539	0.218753	2.406284	0.024434
434611.557673	0.219067	179.296875	28.417969
434611.559675	0.218423	2.402650	0.022874
434613.653774	0.219075	187.792969	26.660156
434613.655776	0.218293	2.401224	0.021048
434615.750804	0.220323	178.808594	26.562500
434615.752807	0.219547	2.415013	0.020779
434617.846904	1.593563	183.886719	24.707031
434617.848904	0.220368	2.424044	0.017587
434619.911080	0.212149	195.996094	22.656250
434619.913081	0.218935	195.996094	22.656250
434619.915081	0.218254	2.400798	0.025861
434622.009241	0.221123	187.304687	24.609375
434622.011244	0.220252	2.422777	0.021997
434624.105376	0.212287	186.230469	24.707031
434624.111376	0.218105	186.230469	24.707031
434624.113379	0.217798	2.395773	0.018787
434626.205472	0.218527	177.050781	26.660156
434626.207474	0.217826	2.396084	0.015839
434628.268143	0.218837	192.871094	25.683594
434628.270144	0.217951	2.397466	0.024173
434630.365146	0.219169	186.035156	28.417969
434630.369144	0.217649	2.394134	0.022997
434632.461812	0.221685	178.222656	30.273437
434632.463815	0.221208	2.433288	0.021782
434634.559966	0.219212	173.046875	31.542969
434634.561967	0.218386	2.402243	0.019708
434636.656116	0.220294	175.488281	31.054687
434636.658118	0.219795	2.417743	0.017587
434638.723198	0.218316	189.550781	29.199219
434638.725198	0.217911	2.397023	0.027855
434640.817880	0.220426	191.699219	27.832031
434640.819884	0.219596	2.415554	0.024588
434642.919986	0.218018	178.515625	28.906250
434642.921988	0.217637	2.394010	0.151559
434645.014113	0.219210	173.535156	28.710937
434645.016115	0.218660	2.405256	0.020926
434647.112193	0.218312	180.566406	27.539062
434647.114194	0.217733	2.395064	0.074548
434649.206825	0.220103	180.468750	27.832031
434649.208827	0.220071	2.420783	0.020190
434651.305484	0.219543	180.957031	29.296875
434651.307483	0.218967	2.408633	0.018785
434653.368108	0.220186	191.699219	28.320312
434653.370106	0.219203	2.411229	0.031278
434655.464188	0.204871	196.777344	28.515625
434655.466188	0.219436	196.777344	28.515625
434655.468188	0.218885	2.407737	0.030146
434657.563319	0.219314	182.226562	32.324219
434657.565322	0.218424	2.402668	0.028364
434659.661451	0.219676	174.414062	35.156250
434659.663455	0.219083	2.409918	0.024186
434661.757583	0.219440	177.050781	35.449219
434661.759587	0.218517	2.403687	0.171383
434663.822662	0.219842	186.816406	34.472656
434663.824666	0.219370	2.413073	0.033858
434665.920788	0.218146	177.734375	36.718750
434665.922790	0.217713	2.394843	0.029934
434668.014919	0.220477	174.511719	37.597656
434668.016919	0.220628	2.426907	0.027358
434670.113049	0.224840	167.089844	38.574219
434670.115050	0.223902	2.462923	0.024311
434672.213114	0.219855	163.378906	39.453125
434672.215115	0.219382	2.413205	0.022068
434674.273300	0.215563	180.078125	36.328125
434674.275303	0.219343	2.412771	0.034101
434676.371460	0.218689	173.925781	37.792969
434676.373461	0.217792	2.395711	0.030321
434678.467544	0.215287	175.000000	38.281250
434678.469545	0.221197	175.000000	38.281250
434678.471547	0.220484	2.425329	0.029654
434680.565714	0.219652	175.000000	38.769531
434680.567717	0.218884	2.407720	0.027149
434682.665904	0.217969	174.511719	38.964844
434682.669904	0.217167	2.388834	0.431751
434684.761000	0.220005	171.289062	39.257812
434684.763001	0.219406	2.413471	0.024769
434686.823608	0.217748	184.179687	36.621094
434686.825610	0.219266	2.411921	0.036237
434688.925733	0.217716	187.109375	35.058594
434688.927734	0.217441	2.391847	0.034233
434691.020362	0.218906	180.078125	36.328125
434691.022366	0.218305	2.401357	0.031877
434693.118391	0.219506	177.343750	35.546875
434693.120394	0.219038	2.409421	0.029088
434695.214448	0.218427	173.828125	35.449219
434695.216452	0.217823	2.396057	0.754468
434697.310541	0.219516	179.882812	33.105469
434697.312543	0.218649	2.405141	0.022540
434699.378714	0.217578	191.992187	30.371094
434699.380717	0.217195	2.389144	0.032896
434701.473821	0.220371	176.171875	33.203125
434701.475824	0.219924	2.419161	0.028582
434703.567967	0.217727	177.832031	33.593750
434703.569971	0.218718	2.405894	0.025757
434705.666668	0.220004	164.746094	36.425781
434705.668669	0.219335	2.412683	0.023157
434707.730768	0.218839	181.347656	33.984375
434707.732771	0.218071	2.398778	0.034010
434709.828912	0.220153	173.828125	36.035156
434709.830913	0.219823	2.418053	0.030644
434711.927010	0.218820	178.320312	36.718750
434711.929012	0.218405	2.402456	0.028720
434714.021652	0.220172	170.800781	37.890625
434714.023652	0.219464	2.414101	0.026758
434716.119765	0.219760	164.257812	39.160156
434716.121768	0.219731	2.417043	0.225889
434718.183839	0.219121	191.796875	33.496094
434718.185841	0.218379	2.402172	0.035381
434720.279902	0.218474	187.500000	33.984375
434720.281905	0.218330	2.401631	0.034745
434722.378991	0.218631	182.519531	34.765625
434722.380993	0.217951	2.397457	0.032606
434724.475675	0.220467	182.812500	34.863281
434724.479675	0.219300	2.412302	0.032191
434726.572303	0.218930	173.632812	37.695312
434726.574305	0.218065	2.398716	0.028651
434728.668446	0.219840	181.835937	36.718750
434728.670449	0.220183	2.422015	0.028025
434730.766588	0.218805	171.289062	39.843750
434730.768590	0.218028	2.398308	0.028219
434732.862691	0.218009	176.367187	40.136719
434732.864693	0.218735	2.406080	0.026754
434734.928835	0.219382	180.371094	39.941406
434734.930835	0.218726	2.405983	0.424142
434737.024944	0.220834	181.250000	40.820312
434737.026946	0.220165	2.421811	0.036419
434739.121089	0.213582	171.582031	44.238281
434739.123090	0.219912	171.582031	44.238281
434739.125090	0.219336	2.412700	0.035200
434741.225295	0.217860	173.437500	44.335937
434741.227298	0.217513	2.392645	0.030885
434743.285976	0.218372	189.257812	41.601562
434743.287977	0.217768	2.395446	0.043641
434745.380950	0.220371	184.179687	43.457031
434745.382952	0.219654	2.416192	0.040221
434747.478006	0.218830	174.707031	45.605469
434747.480009	0.218016	2.398175	0.036352
434749.574201	0.215850	168.750000	47.851562
434749.576207	0.219433	2.413764	0.035385
434751.672297	0.220548	168.164062	48.925781
434751.674298	0.219547	2.415022	0.031740
434753.736513	0.220712	181.445312	45.703125
434753.740514	0.219431	2.413746	0.046495
434755.836626	0.218504	182.617187	45.800781
434755.838627	0.218076	2.398831	0.271140
434757.933228	0.218400	173.339844	48.046875
434757.935230	0.217961	2.397573	0.039597
434760.031410	0.218237	179.003906	46.679687
434760.033414	0.217566	2.393221	0.655943
434762.126477	0.219412	169.628906	48.730469
434762.128479	0.218738	2.406116	0.585485
434764.222566	0.219461	175.097656	47.363281
434764.224567	0.218787	2.406656	0.034615
434766.319255	0.220994	172.265625	47.265625
434766.321257	0.220190	2.422086	0.031223
434768.383459	0.219589	183.496094	43.750000
434768.385461	0.218884	2.407720	0.044853
434770.481632	0.219642	180.957031	43.554687
434770.483634	0.218819	2.407011	0.040869
434772.580270	0.218586	183.593750	42.578125
434772.582273	0.218566	2.404228	0.036110
434774.674391	0.215200	174.804687	44.531250
434774.676394	0.220816	174.804687	44.531250
434774.678393	0.220221	2.422431	0.033460
434776.774531	0.219940	164.062500	47.167969
434776.776534	0.219338	2.412718	0.026598
434778.836667	0.220165	187.792969	41.992187
434778.838670	0.219158	2.410742	0.042890
434780.933721	0.220718	178.906250	44.433594
434780.935720	0.220004	2.420047	0.035461
434783.033875	0.217901	173.535156	45.507812
434783.035877	0.217350	2.390846	0.113423
