num crossings	time (s)	maj axis (mm)	min axis (mm)	theta (rad )	slope (V/s)
3719	436225.073519	61.129352	15.245711	2.177253	7.806089
3721	436227.173760	63.508877	14.570714	2.219324	8.878009
3723	436229.254762	66.234033	16.155770	2.219802	7.999021
3725	436231.346153	65.484602	15.882914	2.221619	6.630657
3727	436233.442391	65.374879	16.085126	2.215677	9.230752
3729	436235.532998	65.562646	16.104169	2.216418	8.101328
3731	436237.627218	61.949948	12.619540	2.141318	7.369673
3733	436239.717197	63.720754	13.412114	2.233190	8.380262
3735	436241.802533	60.963878	15.283517	2.193717	8.216291
3737	436243.892394	63.819942	14.726380	2.227765	6.934417
3739	436245.985486	60.907684	14.924909	2.203740	8.329395
3741	436248.077151	60.405508	14.236041	2.193714	8.109797
3743	436250.171445	60.550061	13.623478	2.190462	8.316517
3745	436252.260924	60.990727	14.967387	2.231362	8.515447
3747	436254.353207	59.806913	13.101685	2.168590	7.311620
3749	436256.451964	60.551826	12.303868	2.187914	8.206206
3751	436258.540860	60.972506	14.509507	2.228647	7.616235
3753	436260.625870	60.635766	13.430510	2.202192	7.341897
3755	436262.717176	62.742786	15.169388	2.242957	7.787033
3757	436264.810598	64.899979	14.933950	2.243298	8.125146
3759	436266.904545	59.828413	14.629333	2.217038	7.349741
3761	436268.995334	60.332746	13.555208	2.223305	7.873487
3763	436271.081669	62.881189	15.303085	2.238378	8.004859
3765	436273.169164	59.623040	12.921891	2.205048	7.763041
3767	436275.265594	62.596357	13.085405	2.262551	7.406889
3769	436277.362451	60.228184	14.573486	2.250594	7.970387
3771	436279.451944	59.772225	14.061096	2.228672	7.365242
3773	436281.543475	60.421638	13.764142	2.245139	7.588516
3775	436283.634397	60.065485	12.812905	2.217074	7.658521
3777	436285.724061	62.110396	13.553190	2.254828	7.860199
3779	436287.815625	64.037304	14.229853	2.264299	7.857962
3781	436289.905775	63.979157	14.205440	2.267975	7.446951
3783	436291.997989	59.581109	12.620433	2.226134	7.470458
3785	436294.091251	59.788999	13.235168	2.243935	7.718307
3787	436296.184265	61.576232	12.099652	2.278854	7.844252
3789	436298.271712	64.193776	14.069259	2.268864	7.169443
3791	436300.360623	60.174628	13.559300	2.265690	7.508360
3793	436302.450196	59.850420	13.155853	2.259723	7.428269
3795	436304.540791	59.438624	12.666424	2.259665	7.862511
3797	436306.636048	59.266294	12.102983	2.241244	7.462147
3799	436308.731929	61.687935	12.130038	2.284509	7.354056
3801	436310.820719	59.067208	11.055508	2.221766	7.527467
3803	436312.907437	61.837458	12.340716	2.288968	7.367339
3805	436314.997156	62.677015	13.005952	2.283825	7.191924
3807	436317.089072	62.515064	13.067085	2.283955	7.630957
3809	436319.182300	62.767097	13.117894	2.284546	7.661849
3811	436321.275055	62.783774	13.124615	2.290387	7.017204
3813	436323.368700	59.361472	12.563984	2.278719	7.402157
3815	436325.461467	63.301303	13.217832	2.293158	7.475862
3817	436327.553161	59.049620	11.244975	2.246204	7.633173
3819	436329.642997	59.242355	12.200594	2.280074	7.256430
3821	436331.732780	62.509708	12.872766	2.301839	7.126970
3823	436333.822483	62.598147	13.191734	2.297825	7.152790
3825	436335.911262	62.833897	12.582381	2.295372	7.064820
3827	436338.001518	58.660698	11.201515	2.267542	7.350936
3829	436340.093614	58.672343	11.770866	2.282628	7.126492
3831	436342.188390	57.827031	10.672509	2.269032	7.192636
3833	436344.283451	60.553246	9.794766	2.320017	7.147817
3835	436346.375302	62.142947	12.378300	2.309317	7.056865
3837	436348.463943	62.890871	12.190408	2.310965	7.113981
3839	436350.551918	58.597087	10.979536	2.280502	6.909557
3841	436352.640832	58.507652	11.519297	2.291557	7.176142
3843	436354.732628	62.091093	11.845960	2.304798	7.194166
3845	436356.826468	58.217813	11.642303	2.298818	7.016874
3847	436358.919357	57.362481	10.202156	2.262557	7.136288
3849	436361.010975	58.812425	11.454430	2.314652	6.986820
3851	436363.103176	56.437605	10.365642	2.273033	6.929862
3853	436365.194079	60.227522	9.624178	2.330235	6.551745
3855	436367.285752	57.579604	9.572726	2.263040	6.790818
3857	436369.376220	57.543789	9.606569	2.286524	6.987327
3859	436371.465309	60.285658	10.406867	2.330741	6.613847
3861	436373.553957	61.320974	11.198512	2.324174	6.676076
3863	436375.645148	60.803988	11.161187	2.323354	6.924850
3865	436377.737522	57.858873	10.318747	2.309129	7.065362
3867	436379.830226	61.664443	11.167114	2.322378	6.950929
3869	436381.924687	61.413041	11.190643	2.326811	6.617772
3871	436384.018930	57.558224	9.112821	2.274815	6.721568
3873	436386.109930	58.554879	10.886553	2.326729	6.786469
3875	436388.197711	56.919880	9.156294	2.280405	6.468389
3877	436390.286330	59.368077	9.919909	2.340164	6.297188
3879	436392.376838	57.347187	9.648061	2.296845	6.870620
3881	436394.467128	59.656456	11.026976	2.336461	6.857679
3883	436396.558037	61.246124	10.528881	2.330894	6.694157
3885	436398.650485	57.761473	9.704597	2.322418	6.775098
3887	436400.742050	61.396461	10.606764	2.335758	6.838906
3889	436402.833783	57.485429	9.678988	2.321946	6.953102
3891	436404.924436	61.138616	10.421605	2.338130	6.699748
3893	436407.015790	57.703312	9.360295	2.324664	6.721127
3895	436409.106171	60.780296	10.417640	2.338392	6.599280
3897	436411.197677	57.227704	9.002059	2.312478	6.546796
3899	436413.290074	57.382384	9.186833	2.327300	6.725369
3901	436415.382641	57.661358	9.775947	2.341210	6.695638
3903	436417.476743	60.447196	10.307235	2.343908	6.539821
3905	436419.570420	57.574139	10.195450	2.346003	6.484318
3907	436421.662917	57.622813	10.117384	2.346309	6.404726
3909	436423.753738	60.917775	9.993791	2.352195	6.422448
3911	436425.842762	57.107651	8.725774	2.321332	6.480362
3913	436427.930874	59.731508	10.633684	2.344825	6.288379
3915	436430.020518	60.457236	9.744497	2.346997	6.787053
3917	436432.111030	57.256845	8.928587	2.338972	6.704100
3919	436434.202376	59.920821	9.612547	2.350674	6.514843
3921	436436.294748	56.691546	8.973070	2.346498	6.544639
3923	436438.385895	58.756432	9.074147	2.361784	6.379758
3925	436440.477711	55.770821	8.351045	2.324335	6.324986
3927	436442.568535	58.763040	8.984661	2.365224	6.336564
3929	436444.659572	57.249691	8.884940	2.352534	6.192356
3931	436446.750733	59.427792	9.257268	2.354251	6.737647
3933	436448.842013	59.383051	9.321977	2.355634	6.496913
3935	436450.933115	56.938872	8.292862	2.351663	6.442606
3937	436453.026276	56.764069	8.197030	2.340785	6.234453
3939	436455.120752	58.176426	8.672392	2.371092	6.640482
3941	436457.213819	56.707123	8.364523	2.355283	6.505100
3943	436459.306241	58.224499	7.032265	2.379878	6.303263
3945	436461.398680	56.201038	8.505034	2.348273	6.324443
3947	436463.488660	57.342281	8.595246	2.367615	6.230615
3949	436465.577524	59.940517	8.880213	2.366739	6.179756
3951	436467.666487	60.033770	8.681912	2.366986	6.080219
3953	436469.756561	55.715171	7.277957	2.334177	6.323596
3955	436471.847744	57.090102	8.027252	2.368533	6.203212
3957	436473.937905	56.864679	8.031537	2.367245	6.402262
3959	436476.028862	59.584639	8.541978	2.365846	5.986989
3961	436478.119877	59.277093	8.554502	2.368455	6.152047
3963	436480.212064	59.316471	8.431203	2.368462	6.068856
3965	436482.304318	59.265951	8.353311	2.370631	6.577974
3967	436484.399738	59.360474	8.375859	2.373361	6.132805
3969	436486.486343	59.441815	8.214411	2.376128	6.155386
3971	436488.579074	55.416655	6.606372	2.335691	6.421873
3973	436490.672496	56.968338	7.715525	2.383498	5.921317
3975	436492.765983	59.614388	8.293993	2.376308	5.843551
3977	436494.859366	59.799895	8.311549	2.379448	6.245994
3979	436496.952012	59.843735	8.089667	2.379150	6.097008
3981	436499.044136	59.626744	8.323253	2.381781	6.164275
3983	436501.135350	56.904384	7.777020	2.380420	6.243567
3985	436503.224971	55.984460	6.344677	2.345975	5.858712
3987	436505.313022	57.705438	6.849391	2.393689	6.061175
3989	436507.402142	56.500463	7.190674	2.375476	6.098799
3991	436509.492338	54.216536	6.359349	2.356854	5.809210
3993	436511.581661	57.423437	8.216790	2.394282	6.157823
3995	436513.673685	55.864212	6.264172	2.359399	6.244200
3997	436515.765936	57.375472	7.200766	2.399765	6.110571
3999	436517.857594	55.708066	6.096637	2.358508	6.281300
4001	436519.948506	55.443008	6.538223	2.385342	5.987233
4003	436522.038964	55.507252	6.435756	2.385730	5.784495
4005	436524.130689	55.466453	6.555571	2.389923	5.833160
4007	436526.223031	55.698914	6.410174	2.391275	6.194039
4009	436528.315332	55.455903	6.631329	2.395998	6.283396
