time (s)	coil I (A)	last det (V)	int current (uC)
437075.415980	0.217484	269.921875	-246.289062
437075.419981	0.216278	2.379059	0.660956
437076.497014	0.219722	128.320312	172.656250
437076.499016	0.219155	2.410707	0.188552
437077.513012	0.218733	196.386719	-278.515625
437077.515013	0.217887	2.396757	0.540280
437078.561046	0.217816	135.937500	211.328125
437078.563048	0.217013	2.387141	0.340839
437079.575960	0.218816	311.914062	-245.214844
437079.577962	0.218429	2.402721	0.654838
437080.657968	0.217989	132.812500	208.593750
437080.659969	0.217035	2.387381	0.255993
437081.674006	0.217848	348.339844	-223.339844
437081.676009	0.217097	2.388063	0.544007
437082.754052	0.213202	132.714844	185.546875
437082.756054	0.217768	132.714844	185.546875
437082.758054	0.217197	2.389162	0.254856
437083.770104	0.217374	279.687500	-241.894531
437083.772107	0.218026	2.398281	0.423536
437084.852191	0.219088	145.996094	187.792969
437084.854194	0.218220	2.400417	0.308197
437085.867152	0.215810	215.820312	-265.429687
437085.869153	0.217486	2.392344	0.430115
437086.949190	0.219446	137.890625	172.558594
437086.951189	0.218615	2.404760	0.252082
437087.967224	0.217363	245.117187	-265.527344
437087.969231	0.216804	2.384846	0.368098
437089.046208	0.219795	135.156250	185.546875
437089.048211	0.218868	2.407552	0.198486
437090.030202	0.217690	377.246094	-220.410156
437090.032205	0.216937	2.386308	0.586710
437091.111148	0.217835	139.941406	200.195312
437091.113149	0.216979	2.386769	0.342373
437092.127130	0.217541	326.660156	-244.726562
437092.129136	0.216812	2.384935	0.582578
437093.207238	0.216875	135.351562	198.046875
437093.209241	0.217787	2.395658	0.283783
437094.223251	0.219506	310.546875	-252.343750
437094.225253	0.219035	2.409386	0.522871
437095.307295	0.218669	131.347656	187.597656
437095.309296	0.218217	2.400391	0.270505
437096.321297	0.217967	262.988281	-271.289062
437096.323297	0.217147	2.388613	0.485489
437097.403401	0.217432	136.816406	196.386719
437097.405404	0.216647	2.383118	0.620362
437098.418381	0.217566	248.144531	-277.636719
437098.420382	0.216932	2.386255	0.434610
437099.500428	0.217828	136.718750	186.621094
437099.502430	0.217209	2.389304	0.518283
437100.516483	0.218793	235.937500	-279.199219
437100.518486	0.218072	2.398787	0.372679
437101.597045	0.218037	139.355469	174.511719
437101.599046	0.217464	2.392104	0.214367
437102.579621	0.218660	360.253906	-227.050781
437102.581622	0.217686	2.394542	0.585299
437103.693613	0.219954	140.917969	167.187500
437103.695614	0.219143	2.410573	0.203463
437104.675689	0.208451	286.523437	-251.367187
437104.677690	0.217488	286.523437	-251.367187
437104.679691	0.216968	2.386645	0.538661
437105.759737	0.216533	155.664062	183.984375
437105.761738	0.216055	2.376604	0.355429
437106.774299	0.218608	264.453125	-258.007812
437106.778296	0.217280	2.390075	0.483015
437107.856292	0.221078	148.437500	176.562500
437107.858294	0.220499	148.437500	176.562500
437107.860293	0.220092	2.421013	0.315274
437108.872843	0.219125	286.621094	-254.199219
437108.874846	0.218614	2.404751	0.488531
437109.952903	0.217975	136.230469	174.511719
437109.954903	0.216974	2.386716	0.243848
437110.968925	0.217788	268.164062	-270.800781
437110.970927	0.217149	2.388639	0.526739
437112.048972	0.217991	129.882812	168.261719
437112.050974	0.217988	2.397865	0.224464
437113.064989	0.219935	202.343750	-302.343750
437113.066990	0.219365	2.413011	0.379947
437114.147094	0.219643	140.625000	166.601562
437114.149096	0.218818	2.407002	0.228259
437115.129629	0.219966	306.542969	-252.539062
437115.131630	0.219151	2.410662	0.592127
437116.211754	0.218639	160.449219	187.695312
437116.213754	0.217953	2.397484	0.395530
437117.226312	0.217776	312.988281	-244.531250
437117.228316	0.217806	2.395862	0.547360
437118.308410	0.218681	157.421875	178.808594
437118.310413	0.217738	2.395118	0.356593
437119.323333	0.216501	300.000000	-249.511719
437119.327331	0.216948	2.386432	0.517034
437120.405390	0.219113	141.503906	163.085937
437120.407392	0.218108	2.399185	0.296341
437121.421379	0.218022	282.714844	-264.746094
437121.423381	0.217144	2.388586	0.498180
437122.501409	0.205970	142.578125	181.738281
437122.503409	0.218122	142.578125	181.738281
437122.505409	0.217504	2.392548	0.267875
437123.517450	0.214491	212.402344	-304.687500
437123.519450	0.218744	2.406187	0.483419
437124.599472	0.220353	136.816406	168.066406
437124.601475	0.220339	2.423734	0.224222
437125.615558	0.219077	193.554687	-313.574219
437125.617561	0.218118	2.399301	0.374590
437126.663601	1.242429	158.886719	198.632812
437126.665603	0.217763	2.395392	0.409387
437127.679627	0.217694	333.886719	-246.289062
437127.681632	0.216882	2.385706	0.636402
437128.764203	0.217258	154.394531	174.707031
437128.766205	0.216841	2.385254	0.611047
437129.776193	0.215091	317.480469	-250.976562
437129.778194	0.217799	2.395791	0.554431
437130.858181	0.218199	153.808594	162.988281
437130.860182	0.217171	2.388879	0.371838
437131.874213	0.217565	232.421875	-287.304687
437131.876215	0.216699	2.383685	0.484661
437132.956284	0.217889	160.742187	170.898437
437132.958285	0.217064	2.387700	0.437331
437133.970282	0.209295	237.988281	-285.253906
437133.972286	0.218512	237.988281	-285.253906
437133.974284	0.217707	2.394781	0.441409
437135.052321	0.218773	158.886719	164.453125
437135.056319	0.217442	2.391865	0.319536
437136.068359	0.220059	205.957031	-299.511719
437136.070362	0.219167	2.410839	0.393164
437137.150390	0.218435	155.468750	157.031250
437137.152392	0.217663	2.394293	0.268581
437138.134402	0.217683	281.640625	-269.433594
437138.136404	0.217073	2.387806	1.079572
437139.248428	0.219091	145.507812	143.750000
437139.250426	0.218633	2.404963	0.246435
437140.230518	0.217281	277.636719	-274.316406
437140.232519	0.216619	2.382808	0.597955
437141.310616	0.216259	158.691406	171.972656
437141.312621	0.217763	2.395392	0.392097
437142.326627	0.218926	269.726562	-284.082031
437142.328627	0.218921	2.408136	0.573239
437143.408703	0.217652	155.078125	177.832031
437143.410703	0.216919	2.386113	0.331855
437144.424711	0.218302	286.035156	-278.808594
437144.426713	0.217380	2.391183	0.519261
437145.507694	0.218818	142.187500	158.593750
437145.509696	0.218308	2.401383	0.299483
437146.521692	0.217589	239.648437	-301.953125
437146.523694	0.216844	2.385280	0.497562
437147.603776	0.219731	140.527344	149.218750
437147.605779	0.219050	2.409545	0.268721
437148.617751	0.214512	233.105469	-298.046875
437148.619754	0.218293	2.401224	0.452566
437149.673819	0.216295	158.398437	163.867187
437149.675822	0.215982	2.375798	0.446408
437150.715868	0.218729	256.738281	-282.226562
437150.717869	0.217911	2.397023	0.370344
437151.765912	0.218257	169.433594	161.816406
437151.767915	0.217548	2.393026	0.451993
437152.781925	0.217848	314.062500	-255.859375
437152.783926	0.217260	2.389862	0.603573
437153.862480	0.217598	165.234375	152.050781
437153.864484	0.217006	2.387062	0.640007
437154.876500	0.215428	259.570312	-286.718750
437154.878501	0.218067	2.398733	0.551228
437155.958554	0.220176	162.988281	162.890625
437155.960556	0.219356	2.412913	0.369385
437156.975491	0.217763	255.957031	-297.851562
437156.977494	0.217218	2.389393	0.739128
437158.056073	0.218019	155.468750	167.578125
437158.058075	0.217275	2.390022	0.325767
437159.074089	0.217752	204.785156	-329.101562
437159.076089	0.217339	2.390731	0.473452
437160.154083	0.219502	148.925781	156.152344
437160.156085	0.218797	2.406763	0.279144
437161.170632	0.219232	217.187500	-316.992187
437161.172634	0.218709	2.405797	0.449151
437162.216712	0.217238	166.601562	174.414062
437162.218711	0.217636	2.393992	0.446973
437163.269718	0.216739	237.695312	-300.976562
437163.271720	0.216727	2.383995	0.390006
437164.314306	0.219866	162.402344	150.683594
437164.316307	0.219096	2.410051	0.447192
437165.330315	0.219714	295.214844	-269.140625
437165.332317	0.218903	2.407932	0.623122
437166.412359	0.218072	172.460937	153.710937
437166.414362	0.217129	2.388418	0.436333
437167.427318	0.219702	312.011719	-261.523437
437167.429320	0.218818	2.407002	0.554766
437168.511327	0.217277	171.679687	148.339844
437168.513328	0.216738	2.384120	0.389611
437169.525375	0.219120	260.351562	-289.355469
437169.527378	0.218470	2.403164	0.495656
437170.605907	0.220028	169.921875	143.554687
437170.607908	0.219156	2.410715	0.368977
437171.622850	0.217741	242.871094	-299.511719
437171.624853	0.217136	2.388497	0.722260
437172.703799	0.217671	161.816406	131.250000
437172.705801	0.216850	2.385351	0.386612
437173.719826	0.218984	195.019531	-324.902344
437173.721828	0.218321	2.401534	0.389731
437174.801898	0.217298	162.792969	130.859375
437174.803900	0.216737	2.384102	0.299053
437175.782490	0.215436	336.816406	-249.218750
437175.784491	0.217625	2.393877	0.673831
437176.864465	0.217879	172.558594	141.308594
437176.866469	0.217132	2.388453	0.483367
437177.880462	0.219884	265.039062	-289.843750
437177.882464	0.218882	2.407702	0.591818
437178.962481	0.218147	177.734375	146.875000
437178.964483	0.217470	2.392175	0.445382
437179.979078	0.218293	276.757812	-283.886719
437179.981079	0.217673	2.394400	0.560966
437181.061132	0.217611	170.800781	141.406250
437181.063133	0.217606	2.393664	0.386029
437182.075645	0.218192	286.914062	-278.906250
437182.077646	0.217479	2.392264	0.529913
437183.156222	1.815153	158.691406	133.886719
437183.158224	0.218652	2.405176	0.330053
437184.172264	0.218689	277.539062	-285.839844
437184.174266	0.217791	2.395703	0.499580
437185.220314	0.220588	173.925781	164.062500
437185.222315	0.219831	2.418142	0.503765
437186.270367	0.220969	238.964844	-316.406250
437186.272368	0.220311	2.423424	0.438932
437187.316883	0.216205	168.261719	162.988281
437187.318886	0.218059	2.398645	0.460591
437188.332939	0.219140	323.242187	-265.332031
437188.334941	0.219035	2.409386	0.706447
437189.415477	0.218393	167.968750	156.347656
437189.417477	0.217574	2.393319	0.470980
437190.429545	0.208192	240.527344	-319.531250
437190.431548	0.217673	240.527344	-319.531250
437190.433549	0.216960	2.386557	0.630044
437191.512059	0.219109	175.390625	149.902344
437191.514059	0.218106	2.399168	0.437010
437192.526998	0.216546	261.621094	-300.292969
437192.529000	0.218134	2.399469	0.547058
437193.609532	0.217937	175.976562	136.523437
437193.611534	0.217152	2.388675	0.409727
437194.624086	0.217988	236.914062	-311.718750
437194.626086	0.220899	2.429893	0.489240
437195.706114	0.219498	178.027344	135.546875
437195.708114	0.218580	2.404379	0.396937
437196.724187	0.217201	257.324219	-300.390625
437196.726190	0.216564	2.382205	0.429336
437197.802207	0.201790	161.425781	120.996094
437197.804210	0.217921	161.425781	120.996094
437197.806210	0.217310	2.390412	0.332011
437198.818236	0.211341	205.664062	-332.226562
437198.820238	0.217902	205.664062	-332.226562
437198.822237	0.217274	2.390013	0.414232
437199.868266	0.218756	180.566406	152.734375
437199.870266	0.217968	2.397652	0.501135
437200.882826	0.216447	306.250000	-270.996094
437200.884829	0.218237	2.400612	0.697572
437201.966838	0.219022	171.289062	149.414062
437201.968839	0.218450	2.402952	0.440692
437202.980853	0.218839	265.625000	-303.613281
437202.982853	0.217835	2.396190	0.643172
437204.062944	0.219033	161.035156	139.941406
437204.064947	0.218287	2.401162	0.554819
437205.077005	0.214438	226.953125	-334.765625
437205.079005	0.218752	226.953125	-334.765625
437205.081006	0.218085	2.398937	0.591027
437206.161002	0.217300	159.472656	137.597656
437206.163009	0.216703	2.383738	0.384421
437207.175056	0.219626	219.824219	-341.796875
437207.177058	0.218760	2.406364	0.512262
437208.257107	0.218647	164.941406	141.992187
437208.259109	0.217970	2.397670	0.345231
437209.271638	0.219392	198.828125	-357.812500
437209.273639	0.219370	2.413073	0.452174
437210.355690	0.218363	160.449219	133.496094
437210.357693	0.217926	2.397191	0.304215
437211.337726	0.217535	303.222656	-280.859375
437211.339729	0.217509	2.392601	0.737690
437212.418292	0.218793	178.808594	155.859375
437212.420296	0.217955	2.397510	0.497311
437213.432856	0.213878	273.144531	-304.687500
437213.434856	0.217758	2.395339	0.688325
437214.514893	0.225795	169.824219	143.652344
437214.516896	0.224753	2.472282	0.451396
437215.530924	0.219369	279.980469	-299.218750
437215.532924	0.218509	2.403599	0.630416
437216.611840	0.218225	165.527344	137.109375
437216.613840	0.217570	2.393274	0.422486
437217.631814	0.217770	239.062500	-329.003906
437217.633821	0.217288	2.390172	0.579810
437218.709846	0.218006	168.457031	137.597656
437218.711850	0.217220	2.389419	0.369672
437219.724376	0.215207	262.500000	-308.691406
437219.726376	0.217904	2.396943	0.532372
437220.806417	0.218104	163.281250	123.632812
437220.808417	0.217216	2.389375	0.339409
437221.822453	0.218441	218.457031	-337.500000
437221.824454	0.217649	2.394134	0.456730
437222.870510	0.219707	183.496094	134.179687
437222.872512	0.219282	2.412107	0.556517
437223.886564	0.220314	315.332031	-267.773437
437223.888566	0.219377	2.413152	0.715217
437224.970637	0.217669	183.593750	124.121094
437224.972638	0.217262	2.389880	0.535785
437225.984626	0.218264	246.093750	-317.871094
437225.988625	0.217126	2.388382	0.711407
437227.064678	0.217360	191.796875	127.246094
437227.066681	0.217213	2.389339	0.515838
437228.080715	0.220125	227.539062	-331.250000
437228.082717	0.219422	2.413640	0.574454
437229.164766	0.217185	191.113281	127.636719
437229.166769	0.216732	2.384048	0.465180
437230.177671	1.541232	200.781250	-354.687500
437230.179670	0.217962	2.397581	0.517291
437231.259729	0.218520	174.218750	118.554687
437231.261732	0.217607	2.393682	0.413934
437232.275716	0.218634	184.960937	-374.316406
437232.277717	0.217892	2.396810	0.462261
437233.355734	0.214564	176.269531	130.371094
437233.357737	0.220495	176.269531	130.371094
437233.359735	0.219913	2.419046	0.382396
437234.371710	0.217448	178.125000	-384.765625
437234.373712	0.219462	2.414083	0.440409
437235.420167	0.213620	179.785156	139.257812
437235.422170	0.218015	2.398166	0.548893
437236.436140	0.216561	267.871094	-311.230469
437236.438143	0.217850	2.396349	0.765448
437237.520135	0.217375	183.593750	141.113281
437237.522135	0.216974	2.386716	0.502850
437238.534663	0.218146	286.523437	-292.480469
437238.536668	0.217464	2.392104	0.711685
437239.615211	0.218540	175.683594	125.976562
437239.617214	0.217734	2.395073	0.476621
437240.631244	0.219935	249.218750	-321.777344
437240.633246	0.219911	2.419019	0.637068
437241.713272	0.217149	181.250000	125.195312
437241.715272	0.216550	2.382055	0.517901
437242.727818	0.218855	262.011719	-310.839844
437242.729821	0.218502	2.403519	0.574794
437243.812371	0.218494	185.253906	120.996094
437243.814371	0.218138	2.399522	0.405568
437244.824385	0.208752	248.632812	-321.777344
437244.826387	0.220348	248.632812	-321.777344
437244.828385	0.219859	2.418452	0.508812
437245.906957	0.219102	172.070312	105.859375
437245.908956	0.218226	2.400488	0.373047
437246.922985	0.217907	195.703125	-362.402344
437246.924987	0.217267	2.389942	0.425568
437247.971039	0.218644	192.968750	120.605469
437247.973041	0.217613	2.393744	0.603382
437248.986995	0.218276	310.156250	-273.535156
437248.988999	0.217184	2.389020	0.718422
437250.069566	0.217893	192.089844	119.335937
437250.071568	0.217200	2.389198	0.548700
437251.085617	0.218504	294.238281	-286.523437
437251.087617	0.217835	2.396181	0.673659
437252.166198	0.218590	184.765625	113.476562
437252.168201	0.218562	2.404184	0.532345
437253.180199	0.205159	246.582031	-325.488281
437253.182200	0.217538	246.582031	-325.488281
437253.184203	0.216790	2.384687	0.630768
437254.264300	0.217955	189.453125	118.554687
437254.266300	0.217479	2.392264	0.442168
437255.277253	0.201110	254.589844	-319.335937
437255.279255	0.217551	254.589844	-319.335937
437255.281255	0.216827	2.385094	0.581041
437256.361824	0.218366	173.046875	108.886719
437256.363827	0.217651	2.394161	0.387951
437257.377838	0.217083	215.332031	-353.906250
437257.379840	0.216503	2.381532	0.505472
437258.455880	0.207599	173.828125	113.769531
437258.457882	0.218951	173.828125	113.769531
437258.459882	0.218936	2.408296	0.347040
437259.471942	0.215445	199.218750	-371.679687
437259.473943	0.218436	2.402801	0.451353
437260.522022	0.217914	187.402344	129.882812
437260.524024	0.217260	2.389862	0.584279
437261.536052	0.205877	265.234375	-315.820312
437261.538053	0.217611	265.234375	-315.820312
437261.540058	0.217041	2.387452	0.755181
437262.620148	0.217758	188.867187	130.859375
437262.622148	0.217213	2.389348	0.515886
437263.634706	0.221201	222.363281	-357.812500
437263.636707	0.220516	2.425675	0.682119
437264.714756	0.214429	187.207031	123.828125
437264.716757	0.219183	187.207031	123.828125
437264.718757	0.218248	2.400728	0.490742
437265.730788	0.218507	205.273437	-372.070312
437265.732790	0.219209	2.411300	0.585760
437266.814836	0.218204	181.933594	109.960937
437266.816838	0.217698	2.394683	0.460557
437267.830852	0.218847	171.777344	-396.679687
437267.832852	0.218283	2.401109	0.491082
437268.912823	0.219257	192.480469	109.570312
437268.914824	0.218710	2.405806	0.446107
437269.925415	0.220179	183.105469	-382.031250
437269.927416	0.219424	2.413666	0.432415
437271.007441	0.218076	196.777344	106.347656
437271.009444	0.217380	2.391183	0.399020
437271.989414	0.217631	259.667969	-317.773437
437271.991417	0.219228	2.411504	0.741462
437273.073488	0.217887	210.351562	114.648437
437273.075486	0.217408	2.391493	0.614650
437274.090053	0.216886	260.253906	-318.554687
437274.092055	0.216481	2.381292	0.752158
437275.168089	0.218455	196.582031	106.933594
437275.170090	0.218499	2.403492	0.562784
437276.184110	0.219982	247.070312	-329.589844
437276.186111	0.219366	2.413028	0.653988
437277.266132	0.219129	188.574219	104.785156
437277.268133	0.218262	2.400878	0.494692
437278.282099	0.218681	225.976562	-348.535156
437278.284101	0.217884	2.396722	0.628999
437279.364132	0.217289	192.187500	113.281250
437279.368130	0.216263	2.378891	0.768594
437280.379061	0.218407	223.242187	-352.636719
437280.381064	0.217481	2.392291	0.553951
437281.459109	0.211095	174.707031	103.027344
437281.461111	0.218459	174.707031	103.027344
437281.463111	0.217786	2.395649	0.403749
437282.475143	0.216399	226.855469	-350.585937
437282.477145	0.218171	2.399885	0.496888
437283.524091	0.219687	198.925781	124.023437
437283.526092	0.219143	2.410573	0.614084
437284.574147	0.217554	193.847656	-384.570312
437284.576150	0.216800	2.384802	0.705529
437285.620695	0.214553	192.578125	119.238281
437285.622696	0.220406	192.578125	119.238281
437285.624698	0.219979	2.419772	0.592068
437286.636722	0.216683	247.753906	-331.835937
437286.638724	0.217944	2.397386	0.758196
437287.718749	0.218938	195.410156	119.726562
437287.720750	0.217922	2.397147	0.524202
437288.734789	0.219010	240.136719	-339.746094
437288.736791	0.218129	2.399416	0.673629
437289.814816	0.205662	195.410156	118.066406
437289.816817	0.217763	195.410156	118.066406
437289.818817	0.216990	2.386893	0.483106
437290.831396	1.502440	227.734375	-352.148437
437290.833398	0.218689	2.405575	0.619517
437291.913484	0.218083	189.843750	111.132812
437291.915486	0.217139	2.388524	0.418183
437292.934014	0.216542	226.074219	-353.027344
437292.936017	0.216098	2.377083	0.811513
437294.010612	0.218055	185.839844	103.613281
437294.012615	0.217296	2.390252	0.380039
